5.000000 20 0 0.000000
451.228841 20 0 0.000000
451.234040 20 1 5.000000
452.968749 20 1 5.000000
452.980763 20 2 10.000000
475.142744 20 2 10.000000
475.154130 20 3 15.000000
489.624887 20 3 15.000000
489.632650 20 4 20.000000
548.982005 20 4 20.000000
548.982797 20 5 25.000000
558.380630 20 5 25.000000
558.385673 20 6 30.000000
599.433838 20 6 30.000000
599.435299 20 7 35.000000
602.993527 20 7 35.000000
602.995288 20 8 40.000000
606.876324 20 8 40.000000
606.876807 20 9 45.000000
608.634078 20 9 45.000000
608.636011 20 10 50.000000
615.842164 20 10 50.000000
615.843456 20 11 55.000000
624.549864 20 11 55.000000
624.550264 20 12 60.000000
631.867240 20 12 60.000000
631.867341 20 13 65.000000
632.320750 20 13 65.000000
632.321297 20 14 70.000000
634.265328 20 14 70.000000
634.266048 20 15 75.000000
658.971726 20 15 75.000000
658.971758 20 16 80.000000
659.952686 20 16 80.000000
659.953108 20 17 85.000000
664.799011 20 17 85.000000
664.799148 20 18 90.000000
664.977378 20 18 90.000000
664.977821 20 19 95.000000
683.781377 20 19 95.000000
683.781495 20 20 100.000000
1762.788955 20 20 100.000000
1762.790224 20 16 80.000000
2081.802139 20 16 80.000000
2081.814530 20 17 85.000000
2087.632619 20 17 85.000000
2087.634969 20 18 90.000000
2097.394265 20 18 90.000000
2097.394845 20 19 95.000000
2188.518440 20 19 95.000000
2188.520302 20 20 100.000000
4491.728806 20 20 100.000000
4491.733296 20 18 90.000000
4698.579600 20 18 90.000000
4698.579900 20 14 70.000000
4703.557909 20 14 70.000000
4703.579900 20 10 50.000000
4851.413079 20 10 50.000000
4851.419301 20 18 90.000000
4893.197972 20 18 90.000000
4893.198877 20 19 95.000000
4909.854339 20 19 95.000000
4909.854411 20 20 100.000000
5320.112087 20 20 100.000000
5320.123810 20 16 80.000000
5325.122581 20 16 80.000000
5325.123810 20 12 60.000000
5839.622049 20 12 60.000000
5839.649339 20 20 100.000000
5958.501541 20 20 100.000000
5958.522034 20 16 80.000000
6104.400305 20 16 80.000000
6104.403691 20 14 70.000000
6109.379934 20 14 70.000000
6109.403691 20 12 60.000000
6282.233620 20 12 60.000000
6282.276939 20 16 80.000000
6482.253717 20 16 80.000000
6482.257120 20 17 85.000000
6511.185669 20 17 85.000000
6511.189963 20 18 90.000000
6513.037733 20 18 90.000000
6513.041357 20 19 95.000000
6523.077276 20 19 95.000000
6523.085784 20 20 100.000000
7624.826433 20 20 100.000000
7624.827184 20 16 80.000000
7629.827032 20 16 80.000000
7629.827184 20 12 60.000000
7811.402880 20 12 60.000000
7811.403470 20 10 50.000000
7842.508832 20 10 50.000000
7842.510880 20 11 55.000000
7853.267096 20 11 55.000000
7853.270657 20 12 60.000000
8011.398381 20 12 60.000000
8011.398429 20 20 100.000000
8145.962682 20 20 100.000000
8145.985010 20 18 90.000000
8333.456754 20 18 90.000000
8333.480908 20 20 100.000000
8590.947666 20 20 100.000000
8590.951937 20 16 80.000000
8714.245097 20 16 80.000000
8714.249344 20 20 100.000000
9945.095054 20 20 100.000000
9945.115636 20 18 90.000000
10168.300485 20 18 90.000000
10168.302977 20 20 100.000000
11925.099285 20 20 100.000000
11925.113109 20 14 70.000000
12256.677071 20 14 70.000000
12256.677627 20 15 75.000000
12256.740753 20 15 75.000000
12256.742050 20 16 80.000000
12392.634344 20 16 80.000000
12392.639148 20 17 85.000000
12408.478045 20 17 85.000000
12408.482810 20 18 90.000000
12430.125981 20 18 90.000000
12430.132554 20 19 95.000000
12434.832908 20 19 95.000000
12434.840783 20 20 100.000000
12663.422099 20 20 100.000000
