5.000000 20 0 0.000000
416.652946 20 0 0.000000
416.653396 20 1 5.000000
432.538475 20 1 5.000000
432.540984 20 2 10.000000
453.949594 20 2 10.000000
453.950567 20 3 15.000000
472.954970 20 3 15.000000
472.955831 20 4 20.000000
523.576856 20 4 20.000000
523.578881 20 5 25.000000
559.953507 20 5 25.000000
559.953947 20 6 30.000000
582.535592 20 6 30.000000
582.536013 20 7 35.000000
586.966637 20 7 35.000000
586.967182 20 8 40.000000
594.354960 20 8 40.000000
594.355483 20 9 45.000000
594.979851 20 9 45.000000
594.980290 20 10 50.000000
600.109872 20 10 50.000000
600.110255 20 11 55.000000
603.295918 20 11 55.000000
603.296493 20 12 60.000000
606.464316 20 12 60.000000
606.464759 20 13 65.000000
606.719788 20 13 65.000000
606.720413 20 14 70.000000
606.730736 20 14 70.000000
606.731485 20 15 75.000000
615.494141 20 15 75.000000
615.494536 20 16 80.000000
616.321901 20 16 80.000000
616.323344 20 17 85.000000
616.402679 20 17 85.000000
616.402701 20 18 90.000000
623.987049 20 18 90.000000
623.987172 20 19 95.000000
630.875964 20 19 95.000000
630.876183 20 20 100.000000
1762.788837 20 20 100.000000
1762.790224 20 16 80.000000
2067.726397 20 16 80.000000
2067.729149 20 17 85.000000
2077.195749 20 17 85.000000
2077.199761 20 18 90.000000
2102.746988 20 18 90.000000
2102.750688 20 17 85.000000
2104.830280 20 17 85.000000
2104.831161 20 18 90.000000
2110.185021 20 18 90.000000
2110.186635 20 19 95.000000
2115.550912 20 19 95.000000
2115.557059 20 18 90.000000
2131.254835 20 18 90.000000
2131.254938 20 19 95.000000
2131.350503 20 19 95.000000
2131.350726 20 20 100.000000
2140.746365 20 20 100.000000
2140.750468 20 19 95.000000
2149.119423 20 19 95.000000
2149.120964 20 18 90.000000
2150.050850 20 18 90.000000
2150.051716 20 19 95.000000
2159.597179 20 19 95.000000
2159.599400 20 20 100.000000
4491.732936 20 20 100.000000
4491.733296 20 18 90.000000
4698.574206 20 18 90.000000
4698.579900 20 14 70.000000
4703.579638 20 14 70.000000
4703.579900 20 10 50.000000
4851.416141 20 10 50.000000
4851.419301 20 18 90.000000
4866.997416 20 18 90.000000
4866.999042 20 19 95.000000
4869.038762 20 19 95.000000
4869.039615 20 18 90.000000
4886.295652 20 18 90.000000
4886.296954 20 19 95.000000
4899.276436 20 19 95.000000
4899.276989 20 18 90.000000
4930.094499 20 18 90.000000
4930.096727 20 19 95.000000
4932.053394 20 19 95.000000
4932.053736 20 18 90.000000
4947.147477 20 18 90.000000
4947.147600 20 19 95.000000
4948.291966 20 19 95.000000
4948.293122 20 20 100.000000
4966.372005 20 20 100.000000
4966.374053 20 19 95.000000
4967.096077 20 19 95.000000
4967.096148 20 20 100.000000
4982.207275 20 20 100.000000
4982.207538 20 19 95.000000
5004.163407 20 19 95.000000
5004.164065 20 20 100.000000
5320.122546 20 20 100.000000
5320.123810 20 16 80.000000
5325.122784 20 16 80.000000
5325.123810 20 12 60.000000
5839.649145 20 12 60.000000
5839.649339 20 20 100.000000
5958.500599 20 20 100.000000
5958.522034 20 16 80.000000
6104.403224 20 16 80.000000
6104.403691 20 14 70.000000
6109.400546 20 14 70.000000
6109.403691 20 12 60.000000
6282.273690 20 12 60.000000
6282.276939 20 16 80.000000
6487.578920 20 16 80.000000
6487.579984 20 17 85.000000
6492.792549 20 17 85.000000
6492.795699 20 16 80.000000
6498.174965 20 16 80.000000
6498.175051 20 17 85.000000
6501.365757 20 17 85.000000
6501.366632 20 16 80.000000
6511.013018 20 16 80.000000
6511.014486 20 17 85.000000
6525.836604 20 17 85.000000
6525.845258 20 16 80.000000
6528.345856 20 16 80.000000
6528.347916 20 17 85.000000
6542.137257 20 17 85.000000
6542.139582 20 18 90.000000
6548.983908 20 18 90.000000
6548.984063 20 19 95.000000
6559.484654 20 19 95.000000
6559.486073 20 20 100.000000
7624.823768 20 20 100.000000
7624.827184 20 16 80.000000
7629.827011 20 16 80.000000
7629.827184 20 12 60.000000
7811.401806 20 12 60.000000
7811.403470 20 10 50.000000
7812.235998 20 10 50.000000
7812.236766 20 11 55.000000
7824.077827 20 11 55.000000
7824.078459 20 10 50.000000
7827.600006 20 10 50.000000
7827.601342 20 11 55.000000
7829.822675 20 11 55.000000
7829.822874 20 12 60.000000
7835.103382 20 12 60.000000
7835.103840 20 11 55.000000
7839.133842 20 11 55.000000
7839.134540 20 12 60.000000
7843.774073 20 12 60.000000
7843.776708 20 11 55.000000
7848.966958 20 11 55.000000
7848.967313 20 12 60.000000
8011.396340 20 12 60.000000
8011.398429 20 20 100.000000
8145.980133 20 20 100.000000
8145.985010 20 18 90.000000
8333.480098 20 18 90.000000
8333.480908 20 20 100.000000
8590.948673 20 20 100.000000
8590.951937 20 16 80.000000
8714.240495 20 16 80.000000
8714.249344 20 20 100.000000
9945.114243 20 20 100.000000
9945.115636 20 18 90.000000
10168.302616 20 18 90.000000
10168.302977 20 20 100.000000
11925.113034 20 20 100.000000
11925.113109 20 14 70.000000
12221.962426 20 14 70.000000
12221.964406 20 15 75.000000
12232.101776 20 15 75.000000
12232.103360 20 16 80.000000
12246.799014 20 16 80.000000
12246.799421 20 15 75.000000
12265.884393 20 15 75.000000
12265.884583 20 14 70.000000
12289.368733 20 14 70.000000
12289.370818 20 15 75.000000
12316.149422 20 15 75.000000
12316.149806 20 16 80.000000
12316.388127 20 16 80.000000
12316.389182 20 17 85.000000
12327.496066 20 17 85.000000
12327.497380 20 16 80.000000
12333.590564 20 16 80.000000
12333.591441 20 15 75.000000
12335.239216 20 15 75.000000
12335.240402 20 16 80.000000
12336.337705 20 16 80.000000
12336.342522 20 17 85.000000
12338.802370 20 17 85.000000
12338.803536 20 16 80.000000
12370.993923 20 16 80.000000
12370.994179 20 15 75.000000
12373.897621 20 15 75.000000
12373.900202 20 16 80.000000
12376.302639 20 16 80.000000
12376.305713 20 17 85.000000
12378.734127 20 17 85.000000
12378.743285 20 18 90.000000
12380.161519 20 18 90.000000
12380.162791 20 17 85.000000
12382.358014 20 17 85.000000
12382.363311 20 16 80.000000
12385.094165 20 16 80.000000
12385.100075 20 17 85.000000
12385.259656 20 17 85.000000
12385.262467 20 16 80.000000
12393.532910 20 16 80.000000
12393.535843 20 15 75.000000
12395.600954 20 15 75.000000
12395.601201 20 16 80.000000
12406.985879 20 16 80.000000
12406.986069 20 17 85.000000
12417.860236 20 17 85.000000
12417.861204 20 18 90.000000
12421.752689 20 18 90.000000
12421.753605 20 19 95.000000
12473.629480 20 19 95.000000
12473.631619 20 20 100.000000
12489.226941 20 20 100.000000
12489.229152 20 19 95.000000
12503.956202 20 19 95.000000
12503.956654 20 20 100.000000
13013.246347 20 20 100.000000
