perturb avail not_avail
150.000000 200 0 100.000000
perturb avail not_avail
300.000000 446 0 100.000000
450.000000 523 0 100.000000
600.000000 652 0 100.000000
perturb avail not_avail
750.000000 750 0 100.000000
900.000000 808 0 100.000000
1050.000000 844 0 100.000000
1200.000000 853 0 100.000000
1350.000000 863 0 100.000000
perturb avail not_avail
150.000000 196 0 100.000000
perturb avail not_avail
300.000000 448 0 100.000000
450.000000 523 0 100.000000
600.000000 657 0 100.000000
perturb avail not_avail
750.000000 746 0 100.000000
900.000000 810 0 100.000000
1050.000000 841 0 100.000000
1200.000000 846 0 100.000000
1350.000000 862 0 100.000000
