perturb avail not_avail
5.000000 0 19419 0.000000
10.000000 0 18718 0.000000
15.000000 0 18223 0.000000
20.000000 0 16209 0.000000
25.000000 0 14238 0.000000
30.000000 0 11778 0.000000
35.000000 0 10697 0.000000
40.000000 0 10176 0.000000
45.000000 0 9256 0.000000
perturb avail not_avail
50.000000 0 8578 0.000000
75.000000 0 6291 0.000000
100.000000 0 4761 0.000000
125.000000 0 3872 0.000000
150.000000 0 3252 0.000000
175.000000 0 2779 0.000000
200.000000 0 2434 0.000000
225.000000 0 2171 0.000000
250.000000 0 1981 0.000000
275.000000 0 1814 0.000000
300.000000 0 1685 0.000000
325.000000 0 1556 0.000000
350.000000 0 1447 0.000000
375.000000 0 1361 0.000000
400.000000 0 1281 0.000000
425.000000 0 1199 0.000000
450.000000 0 1139 0.000000
475.000000 0 1090 0.000000
