perturb min p5 p50 p95 max mean var
150.000000 1.000000 1.000000 1.000000 1.000000 16.000000 1.303333 2.901322
300.000000 1.000000 1.000000 1.000000 4.000000 12.000000 1.316667 1.809722
450.000000 1.000000 1.000000 1.000000 4.000000 9.000000 1.323333 1.265456
600.000000 1.000000 1.000000 1.000000 4.000000 8.000000 1.315000 0.959108
perturb min p5 p50 p95 max mean var
750.000000 1.000000 1.000000 1.000000 4.000000 8.000000 1.351667 0.937997
900.000000 1.000000 1.000000 1.000000 3.000000 7.000000 1.315000 0.682442
1050.000000 1.000000 1.000000 1.000000 3.000000 6.000000 1.330000 0.667767
1200.000000 1.000000 1.000000 1.000000 3.000000 6.000000 1.306667 0.555956
1350.000000 1.000000 1.000000 1.000000 3.000000 7.000000 1.316667 0.549722
