5.000000 6 0 0.000000
979.161623 6 0 0.000000
979.166304 6 1 16.666667
992.008104 6 1 16.666667
992.012138 6 2 33.333333
1006.648095 6 2 33.333333
1006.656328 6 3 50.000000
1014.272224 6 3 50.000000
1014.286283 6 4 66.666667
1015.619734 6 4 66.666667
1015.641531 6 5 83.333333
1021.142238 6 5 83.333333
1021.146974 6 6 100.000000
1282.357230 6 6 100.000000
1282.361124 6 4 66.666667
1378.487868 6 4 66.666667
1378.489268 6 6 100.000000
2213.066261 6 6 100.000000
2213.083357 6 4 66.666667
2346.263352 6 4 66.666667
2346.308151 6 6 100.000000
2728.750757 6 6 100.000000
2728.758555 6 4 66.666667
2733.754241 6 4 66.666667
2733.758555 6 2 33.333333
3086.360297 6 2 33.333333
3086.373898 6 1 16.666667
3091.338824 6 1 16.666667
3091.373898 6 0 0.000000
3255.969828 6 0 0.000000
3255.975665 6 2 33.333333
3438.470292 6 2 33.333333
3438.539031 6 0 0.000000
3816.489872 6 0 0.000000
3816.545604 6 2 33.333333
3921.643477 6 2 33.333333
3921.695115 6 1 16.666667
3932.621874 6 1 16.666667
3932.762862 6 2 33.333333
3952.498573 6 2 33.333333
3952.862742 6 1 16.666667
3962.776196 6 1 16.666667
3962.794053 6 2 33.333333
3964.747164 6 2 33.333333
3964.775368 6 1 16.666667
4409.479991 6 1 16.666667
4409.512951 6 0 0.000000
4773.346043 6 0 0.000000
4773.549838 6 1 16.666667
5002.329046 6 1 16.666667
5004.017187 6 0 0.000000
6786.782904 6 0 0.000000
6787.114728 6 1 16.666667
6888.503324 6 1 16.666667
6888.912389 6 0 0.000000
7339.959911 6 0 0.000000
7340.456560 6 1 16.666667
7442.143924 6 1 16.666667
7442.226726 6 2 33.333333
7900.298904 6 2 33.333333
7900.460607 6 1 16.666667
7905.376380 6 1 16.666667
7905.460607 6 0 0.000000
14953.539243 6 0 0.000000
14953.553806 6 1 16.666667
15446.989042 6 1 16.666667
15447.929679 6 2 33.333333
16117.253476 6 2 33.333333
16117.478766 6 4 66.666667
16360.451549 6 4 66.666667
16360.940781 6 3 50.000000
16364.581447 6 3 50.000000
16365.940781 6 1 16.666667
16597.897850 6 1 16.666667
16598.536608 6 0 0.000000
16883.797474 6 0 0.000000
16883.919019 6 1 16.666667
16991.173478 6 1 16.666667
16991.726993 6 0 0.000000
21780.593473 6 0 0.000000
21780.690378 6 1 16.666667
22643.656135 6 1 16.666667
