5.000000 6 0 0.000000
633.243734 6 0 0.000000
633.265091 6 1 16.666667
636.755816 6 1 16.666667
636.765375 6 2 33.333333
955.638151 6 2 33.333333
955.648682 6 3 50.000000
960.580802 6 3 50.000000
960.595166 6 4 66.666667
969.025818 6 4 66.666667
969.029019 6 5 83.333333
986.508074 6 5 83.333333
986.514372 6 6 100.000000
1282.358476 6 6 100.000000
1282.361124 6 4 66.666667
1378.488343 6 4 66.666667
1378.489268 6 6 100.000000
2213.083217 6 6 100.000000
2213.083357 6 4 66.666667
2227.392278 6 4 66.666667
2227.403070 6 3 50.000000
2228.124635 6 3 50.000000
2228.135057 6 2 33.333333
2245.885549 6 2 33.333333
2245.885772 6 3 50.000000
2249.370118 6 3 50.000000
2249.372425 6 2 33.333333
2253.874368 6 2 33.333333
2253.882203 6 3 50.000000
2292.599524 6 3 50.000000
2292.616971 6 2 33.333333
2326.085325 6 2 33.333333
2326.092320 6 3 50.000000
2344.827899 6 3 50.000000
2344.857229 6 4 66.666667
2346.305076 6 4 66.666667
2346.308151 6 6 100.000000
2728.747704 6 6 100.000000
2728.758555 6 4 66.666667
2733.740107 6 4 66.666667
2733.758555 6 2 33.333333
3086.357352 6 2 33.333333
3086.373898 6 1 16.666667
3091.369137 6 1 16.666667
3091.373898 6 0 0.000000
3255.905765 6 0 0.000000
3255.975665 6 2 33.333333
3438.530412 6 2 33.333333
3438.539031 6 0 0.000000
3816.519642 6 0 0.000000
3816.545604 6 2 33.333333
3843.697789 6 2 33.333333
3843.717358 6 1 16.666667
3992.196894 6 1 16.666667
3992.275521 6 2 33.333333
4240.695819 6 2 33.333333
4240.736322 6 1 16.666667
4441.689169 6 1 16.666667
4442.129855 6 0 0.000000
4773.429825 6 0 0.000000
4773.549838 6 1 16.666667
5003.264108 6 1 16.666667
5004.017187 6 0 0.000000
15446.298229 6 0 0.000000
15447.929679 6 2 33.333333
16365.683092 6 2 33.333333
16365.940781 6 1 16.666667
16594.276400 6 1 16.666667
16598.536608 6 0 0.000000
16883.198655 6 0 0.000000
16883.919019 6 1 16.666667
16990.280261 6 1 16.666667
16991.726993 6 0 0.000000
17483.771413 6 0 0.000000
17484.477987 6 1 16.666667
17656.421345 6 1 16.666667
17657.436376 6 0 0.000000
22308.389533 6 0 0.000000
